1008
504
8
1 169 341 511 678 843 0 0 
2 170 342 512 679 844 0 0 
3 171 343 513 680 845 0 0 
4 172 344 514 681 846 0 0 
5 173 345 515 682 847 0 0 
6 174 346 516 683 848 988 1004 
7 175 347 517 684 849 0 0 
8 176 348 518 685 850 935 0 
9 177 349 519 686 851 0 0 
10 178 350 520 676 852 0 0 
11 174 351 521 687 853 0 0 
12 179 352 493 688 854 0 0 
13 180 353 522 689 855 0 0 
14 181 354 523 690 849 0 0 
15 182 355 518 691 856 0 0 
13 183 356 524 692 857 0 0 
16 184 357 525 693 856 0 0 
17 185 358 526 694 858 0 0 
18 186 359 527 695 859 0 0 
2 187 360 528 696 851 0 0 
19 188 361 529 697 860 0 0 
20 189 362 530 698 861 0 0 
21 179 363 531 672 862 936 0 
22 190 364 532 699 863 0 0 
23 191 365 533 700 839 0 0 
24 191 366 534 701 864 0 0 
19 192 367 535 702 865 0 0 
25 193 368 536 703 866 0 0 
26 194 369 537 704 867 989 0 
10 195 370 538 692 868 0 0 
27 196 371 539 683 843 0 0 
28 197 372 538 705 869 0 0 
29 198 373 540 706 870 0 0 
30 199 374 541 707 871 0 0 
31 200 375 542 708 872 0 0 
32 201 376 543 709 873 0 0 
33 197 377 544 710 874 0 0 
33 202 357 545 711 875 0 0 
34 203 378 546 712 876 0 0 
35 204 379 547 713 877 0 0 
36 205 372 548 714 878 917 0 
29 206 380 476 715 879 0 0 
37 207 343 549 716 880 0 0 
38 208 381 550 717 881 0 0 
39 209 382 551 699 882 0 0 
33 210 383 552 718 883 0 0 
40 211 384 553 719 872 975 0 
41 212 385 554 669 884 0 0 
42 193 386 555 720 885 0 0 
43 213 387 556 721 886 0 0 
28 214 388 557 722 887 0 0 
44 215 385 517 710 888 0 0 
45 216 370 532 723 889 0 0 
46 217 389 554 724 890 0 0 
47 218 390 558 677 891 0 0 
48 219 391 559 725 892 0 0 
43 220 383 558 726 893 0 0 
49 221 334 560 727 894 0 0 
50 222 392 561 728 895 0 0 
51 223 331 562 729 896 0 0 
47 224 393 563 730 897 999 0 
52 217 394 552 731 898 0 0 
53 225 395 562 732 899 0 0 
54 226 396 564 733 900 0 0 
55 169 397 565 734 901 0 0 
56 227 364 566 694 902 0 0 
57 169 398 567 735 903 0 0 
58 193 399 568 726 865 0 0 
59 228 336 569 726 904 0 0 
60 229 400 570 736 879 0 0 
61 230 401 571 737 905 992 0 
62 231 378 540 738 906 0 0 
63 232 402 572 727 907 0 0 
39 180 403 573 739 908 0 0 
64 233 404 574 740 870 0 0 
65 234 405 575 738 909 0 0 
42 235 356 576 741 896 0 0 
66 236 406 557 742 910 0 0 
67 237 407 577 743 911 0 0 
21 238 408 578 743 912 0 0 
68 233 409 564 744 898 0 0 
69 239 410 531 745 880 0 0 
70 240 411 516 746 913 0 0 
71 241 412 579 747 914 0 0 
72 242 394 555 748 915 0 0 
73 243 343 580 744 916 0 0 
74 219 413 547 703 887 0 0 
62 244 414 581 713 855 934 0 
22 245 415 582 749 917 0 0 
20 246 416 583 710 918 0 0 
75 247 417 584 750 885 0 0 
76 248 412 582 734 919 0 0 
12 211 354 585 751 920 0 0 
77 249 418 577 714 921 0 0 
32 170 399 586 736 905 0 0 
18 250 419 587 752 922 0 0 
78 251 420 588 720 878 0 0 
79 249 377 589 696 923 0 0 
80 252 337 539 753 924 947 1007 
81 253 415 590 754 875 0 0 
82 191 421 576 755 925 0 0 
21 254 422 558 756 926 0 0 
83 199 341 591 757 927 1002 0 
56 255 423 506 758 928 0 0 
77 239 424 516 759 902 0 0 
84 227 425 524 760 851 0 0 
85 256 409 592 761 886 0 0 
86 257 426 506 703 929 0 0 
87 258 367 593 680 930 0 0 
88 246 426 594 706 931 0 0 
89 259 427 572 716 855 0 0 
89 260 383 543 697 932 0 0 
90 224 428 510 762 933 0 0 
91 258 429 521 748 934 0 0 
92 261 430 595 758 935 0 0 
40 262 356 565 763 936 0 0 
87 235 431 590 764 842 0 0 
93 263 379 589 673 930 0 0 
47 264 379 596 732 937 0 0 
94 265 432 587 756 938 0 0 
95 185 433 512 765 864 0 0 
92 214 351 546 724 900 0 0 
51 185 382 527 690 939 0 0 
96 216 386 597 711 844 0 0 
80 204 386 598 766 870 0 0 
22 170 434 599 767 922 0 0 
97 266 435 511 768 918 933 996 
97 221 436 600 769 940 0 0 
98 267 405 588 731 941 0 0 
99 268 396 601 770 942 0 0 
16 269 437 568 771 943 0 0 
72 172 438 602 772 837 0 0 
100 220 350 603 740 907 0 0 
101 270 439 604 773 941 0 0 
102 271 393 605 754 944 0 0 
69 272 348 606 708 945 0 0 
103 259 347 604 774 859 994 0 
104 198 348 607 775 874 0 0 
1 273 440 589 776 946 0 0 
105 248 441 570 777 924 0 0 
106 214 442 594 778 939 0 0 
107 189 422 608 725 852 0 0 
108 198 443 604 724 926 0 0 
109 261 413 528 779 904 1003 0 
110 239 444 522 780 947 0 0 
111 200 445 609 766 948 0 0 
112 274 446 610 758 949 0 0 
113 275 429 483 769 879 0 0 
58 276 447 573 781 950 0 0 
114 250 340 566 782 951 0 0 
115 277 448 566 691 931 0 0 
82 268 359 608 783 866 998 0 
41 278 449 550 694 925 963 0 
53 181 450 559 784 952 0 0 
116 192 375 571 778 953 0 0 
117 279 451 569 785 948 0 0 
50 221 452 598 786 938 0 0 
32 280 341 505 747 895 0 0 
118 281 453 606 619 954 0 0 
59 282 419 611 787 853 0 0 
38 283 415 469 788 937 0 0 
111 284 454 612 651 899 0 0 
119 285 455 600 697 909 0 0 
120 286 456 524 789 910 0 0 
100 287 403 546 790 930 0 0 
78 288 457 613 768 955 0 0 
25 289 458 519 778 946 0 0 
84 266 382 614 756 881 945 0 
3 273 459 542 791 956 0 0 
95 284 431 615 706 957 0 0 
70 256 460 579 685 943 0 0 
121 270 419 609 792 958 0 0 
6 290 461 616 736 878 0 0 
122 236 462 537 735 959 0 0 
63 291 463 556 764 945 0 0 
123 264 435 571 689 960 0 0 
124 292 334 588 793 881 0 0 
125 171 408 617 794 961 987 0 
94 226 464 618 795 944 0 0 
96 206 465 619 771 858 0 0 
62 197 466 620 781 962 0 0 
92 293 441 621 796 963 0 0 
126 207 467 526 746 885 0 0 
24 294 434 622 763 907 0 0 
42 295 468 623 705 867 0 0 
25 254 346 624 742 845 0 0 
94 296 460 543 698 964 0 0 
103 247 469 569 693 965 0 0 
71 230 380 520 797 916 0 0 
127 276 345 590 798 846 0 0 
128 204 470 535 691 966 0 0 
129 237 368 625 681 891 0 0 
74 297 463 575 677 884 0 0 
8 183 449 626 695 967 0 0 
130 298 471 536 799 923 0 0 
23 290 472 595 676 961 0 0 
19 299 421 585 786 919 0 0 
34 300 355 500 763 860 993 0 
95 301 472 531 787 968 0 0 
79 297 400 627 784 969 0 0 
52 195 450 628 800 951 0 0 
57 267 473 629 788 970 0 0 
131 302 352 541 730 962 0 0 
98 184 474 591 801 971 0 0 
132 299 410 548 679 891 0 0 
58 303 340 607 729 972 0 0 
118 304 475 549 738 973 0 0 
102 219 476 525 679 974 0 0 
91 305 373 630 802 975 0 0 
133 203 477 618 803 924 0 0 
134 211 467 631 776 910 0 0 
135 232 342 623 802 918 0 0 
23 257 478 587 790 966 0 0 
102 208 367 632 753 976 0 0 
136 234 446 551 804 977 0 0 
137 306 479 585 805 978 0 0 
138 252 433 633 709 888 0 0 
139 307 480 540 806 959 0 0 
9 308 405 634 728 979 0 0 
114 309 431 592 807 980 0 0 
46 295 448 579 808 981 0 0 
110 261 473 504 719 938 0 0 
36 310 395 635 735 926 0 0 
140 251 362 529 744 903 0 0 
140 311 481 536 688 971 0 0 
141 270 349 508 809 982 0 0 
142 312 482 636 680 933 0 0 
99 234 440 568 674 983 0 0 
120 242 411 636 755 906 0 0 
44 305 453 637 678 984 0 0 
143 313 417 553 731 887 0 0 
125 291 483 638 810 952 0 0 
144 278 437 639 689 892 0 0 
145 281 470 640 761 985 990 0 
139 182 422 634 796 986 0 0 
8 314 484 641 687 956 0 0 
68 304 369 642 693 987 0 0 
144 315 390 615 749 988 0 0 
82 316 463 643 762 989 0 0 
99 260 452 644 746 927 0 0 
45 317 485 645 750 911 0 0 
27 210 365 519 811 920 0 0 
36 296 471 646 812 990 0 0 
146 300 444 593 813 954 0 0 
104 318 438 478 810 970 0 0 
147 222 366 619 712 863 0 0 
148 319 391 620 733 991 0 0 
149 273 388 647 814 859 0 0 
121 320 391 616 745 989 0 0 
38 321 486 646 815 981 0 0 
65 190 468 545 791 992 0 0 
134 294 480 648 816 942 0 0 
150 244 369 586 723 993 0 0 
151 196 395 621 795 992 0 0 
152 225 412 578 687 994 0 0 
153 250 400 625 817 852 0 0 
142 212 360 644 818 985 0 0 
60 296 435 649 729 958 0 0 
57 322 407 650 760 977 0 0 
126 323 458 567 815 986 0 0 
71 186 485 515 719 848 0 0 
44 242 487 625 793 920 0 0 
137 243 423 651 684 912 0 0 
80 312 425 610 819 890 0 0 
106 286 371 593 820 995 0 0 
136 281 346 612 821 857 0 0 
65 271 433 584 752 996 0 0 
145 230 377 574 764 897 0 0 
138 324 420 596 779 882 0 0 
154 263 488 652 822 869 0 0 
73 325 489 595 759 894 0 0 
149 326 447 559 700 853 0 0 
138 275 437 603 759 872 0 0 
54 179 490 528 762 856 0 0 
133 173 470 591 743 840 0 0 
155 327 345 482 814 993 0 0 
134 322 436 554 823 953 0 0 
86 328 487 653 701 873 0 0 
130 292 482 522 770 997 0 0 
61 326 363 654 754 921 0 0 
30 241 427 634 824 929 0 0 
117 274 366 523 770 843 0 0 
59 182 491 511 714 915 0 0 
156 262 492 525 824 882 0 0 
16 327 442 572 800 998 0 0 
157 285 434 513 825 999 0 0 
49 256 447 655 825 995 0 0 
7 206 351 530 826 841 0 0 
4 289 430 653 807 862 0 0 
157 240 491 544 695 908 0 0 
158 231 354 656 808 923 0 0 
121 216 493 657 709 1000 0 0 
129 266 357 647 827 970 0 0 
103 312 466 658 741 903 0 0 
29 207 494 611 820 967 0 0 
45 188 446 517 820 1001 0 0 
15 321 388 657 805 957 1006 0 
124 200 371 643 828 929 980 0 
130 241 358 557 702 952 0 0 
90 311 464 627 671 973 0 0 
101 187 495 535 721 888 0 0 
111 328 380 617 827 1002 0 0 
78 176 451 631 777 991 0 0 
49 316 453 605 794 957 0 0 
26 285 353 627 747 1003 0 0 
159 218 384 573 717 954 0 0 
154 317 378 605 686 932 0 0 
48 329 427 637 801 862 0 0 
50 258 352 642 829 951 0 0 
30 315 479 606 830 867 0 0 
108 277 461 645 801 997 0 0 
160 330 445 658 831 875 0 0 
64 172 387 659 752 889 0 0 
41 222 458 660 798 965 0 0 
161 253 496 553 832 962 0 0 
119 257 418 632 822 899 0 0 
88 331 483 597 832 901 0 0 
14 240 445 661 804 876 0 0 
159 332 455 518 817 1004 0 0 
98 265 360 651 745 995 0 0 
39 310 493 662 667 877 0 0 
115 252 462 541 833 967 0 0 
35 228 424 533 737 912 0 0 
162 302 389 639 799 911 0 0 
61 275 439 602 811 1005 0 0 
100 279 492 600 751 968 0 0 
81 203 368 663 684 960 0 0 
148 289 485 662 775 976 0 0 
159 280 497 649 718 849 0 0 
107 202 454 630 789 895 0 0 
76 302 491 652 727 973 0 0 
160 255 404 548 750 942 0 0 
67 284 332 648 716 863 0 0 
43 212 476 656 707 994 0 0 
142 290 384 545 773 1006 0 0 
55 272 442 664 715 921 0 0 
122 314 394 632 757 880 0 0 
163 320 418 561 826 883 0 0 
75 195 460 509 828 974 0 0 
156 282 338 489 788 1007 0 0 
97 309 481 616 833 876 0 0 
125 262 404 665 683 1008 0 0 
52 333 498 526 769 947 0 0 
48 286 499 599 812 961 0 0 
74 178 500 654 666 955 0 0 
4 334 484 512 792 860 0 0 
164 277 381 513 737 1000 0 0 
143 246 374 663 786 1008 0 0 
123 217 359 665 781 948 0 0 
165 223 501 666 774 845 0 0 
145 322 502 667 728 922 0 0 
127 335 498 661 668 935 0 0 
162 175 398 547 685 987 0 0 
60 190 335 594 819 936 0 0 
79 330 376 521 815 894 0 0 
151 213 498 510 830 844 0 0 
140 305 403 601 772 974 979 0 
166 194 459 560 796 865 0 0 
150 283 487 644 834 1008 0 0 
5 282 452 624 690 874 0 0 
165 320 475 539 835 981 0 0 
149 229 454 613 836 897 0 0 
10 323 474 667 819 904 0 0 
143 287 486 612 723 850 0 0 
15 274 499 574 739 0 0 0 
93 245 503 549 818 866 0 0 
9 171 497 628 765 0 0 0 
141 327 423 534 795 0 0 0 
153 279 444 564 705 977 0 0 
101 316 372 668 757 0 0 0 
86 177 466 560 837 850 0 0 
55 307 392 643 751 976 0 0 
84 299 488 669 838 1004 0 0 
119 215 358 670 807 905 0 0 
131 210 504 664 774 913 0 0 
17 319 408 623 783 889 0 0 
64 175 496 671 780 963 0 0 
108 313 338 556 785 868 0 0 
14 303 475 669 797 877 0 0 
128 201 492 660 791 913 0 0 
46 177 361 672 803 0 0 0 
136 336 414 671 773 955 0 0 
152 321 436 576 713 0 0 0 
66 265 401 652 765 949 0 0 
120 313 363 673 771 0 0 0 
115 249 344 629 839 900 0 0 
135 186 456 668 784 985 0 0 
155 318 505 575 782 908 0 0 
35 298 402 514 760 1002 0 0 
83 324 421 670 802 890 0 0 
5 332 413 635 835 925 1001 0 
167 291 414 567 840 964 0 0 
3 309 417 581 838 893 0 0 
123 304 430 622 789 0 0 0 
1 213 506 642 755 950 0 0 
164 315 457 598 812 946 0 0 
158 331 381 509 740 915 0 0 
168 209 401 656 692 846 0 0 
87 205 438 523 806 1003 0 0 
85 232 467 477 797 0 0 0 
20 333 375 657 839 857 0 0 
18 269 486 563 733 0 0 0 
118 227 416 602 785 847 986 0 
116 325 398 584 813 0 0 0 
158 308 456 530 831 940 0 0 
89 235 507 662 841 996 0 0 
135 310 459 639 715 1007 0 0 
152 288 349 637 699 959 0 0 
11 311 342 552 810 1001 0 0 
133 306 443 599 822 998 0 0 
113 295 500 614 787 971 0 0 
162 301 477 538 793 893 0 0 
144 233 335 533 782 932 0 0 
93 328 392 646 780 1005 0 0 
28 218 501 611 829 873 0 0 
91 228 497 618 818 980 0 0 
107 337 478 581 696 939 0 0 
113 196 407 580 798 906 0 0 
147 293 432 544 823 982 0 0 
2 338 507 626 794 914 0 0 
81 314 428 520 821 0 0 0 
54 288 402 665 682 978 0 0 
104 264 490 580 826 983 0 0 
168 329 489 555 805 909 0 0 
37 300 432 674 730 868 0 0 
112 301 376 640 768 871 0 0 
146 319 389 534 824 969 0 0 
163 267 373 527 821 0 0 0 
27 176 364 674 842 940 0 0 
122 201 441 654 681 975 0 0 
96 283 472 542 806 898 0 0 
11 178 479 636 823 0 0 0 
164 237 505 620 721 968 0 0 
53 325 425 601 767 886 0 0 
139 180 344 638 761 919 0 0 
129 339 499 641 808 944 0 0 
66 303 457 565 748 0 0 0 
124 244 350 635 836 972 0 0 
109 199 503 658 739 858 0 0 
163 247 390 638 803 949 0 0 
117 224 448 586 742 892 0 0 
77 268 465 675 686 972 0 0 
6 192 503 626 832 0 0 0 
26 238 488 664 766 983 984 0 
157 323 396 633 830 960 0 0 
156 188 502 615 811 869 0 0 
40 189 508 640 835 0 0 0 
56 231 507 596 700 0 0 0 
105 255 481 650 717 943 0 0 
132 236 347 592 834 969 1000 0 
127 223 480 529 827 902 0 0 
141 220 411 629 704 842 0 0 
69 181 495 650 711 999 0 0 
131 243 399 659 831 884 0 0 
109 317 429 647 767 0 0 0 
12 297 484 675 741 966 0 0 
70 337 397 645 792 0 0 0 
168 280 409 673 809 0 0 0 
31 259 355 570 799 0 0 0 
154 251 387 649 701 956 0 0 
112 194 439 648 734 854 0 0 
147 333 443 613 772 928 0 0 
155 238 465 631 833 1005 0 0 
116 269 455 630 707 896 0 0 
13 293 469 655 783 871 916 0 
106 340 496 578 779 883 0 0 
68 225 461 663 828 864 0 0 
75 173 365 537 804 0 0 0 
161 229 361 633 775 0 0 0 
34 278 495 617 776 861 0 0 
151 336 406 672 817 927 0 0 
88 260 428 622 708 982 0 0 
166 329 362 563 834 0 0 0 
17 272 464 610 836 848 0 0 
63 339 462 609 749 928 0 0 
165 183 440 670 688 964 0 0 
114 263 474 621 816 914 0 0 
67 226 416 661 702 937 0 0 
146 202 509 514 816 988 0 0 
137 271 353 597 829 991 0 0 
90 326 473 532 838 861 0 0 
51 174 451 653 840 979 0 0 
161 292 494 660 725 978 0 0 
73 298 449 583 704 0 0 0 
85 208 504 608 837 958 0 0 
153 306 397 550 841 0 0 0 
76 187 426 551 718 965 0 0 
128 308 510 607 813 917 0 0 
83 254 450 659 712 1006 0 0 
167 248 393 628 790 997 0 0 
31 318 502 655 720 0 0 0 
160 215 490 676 814 901 0 0 
72 184 501 582 675 953 0 0 
7 294 471 677 753 847 0 0 
37 330 420 515 678 931 0 0 
148 245 406 603 698 984 0 0 
150 324 508 641 722 0 0 0 
166 253 424 614 800 990 0 0 
132 287 468 561 682 0 0 0 
126 205 374 666 809 950 0 0 
24 209 494 577 777 934 0 0 
105 307 370 624 732 941 0 0 
110 339 385 562 825 854 0 0 
167 276 410 583 722 0 0 0 
