1000
504
6
1 169 341 511 678 843 
2 170 342 512 679 844 
3 171 343 513 680 845 
4 172 344 514 681 846 
5 173 345 515 682 847 
6 174 346 516 683 848 
7 175 347 517 684 849 
8 176 348 518 685 850 
9 177 349 519 686 851 
10 178 350 520 676 852 
11 174 351 521 687 853 
12 179 352 493 688 854 
13 180 353 522 689 855 
14 181 354 523 690 849 
15 182 355 518 691 856 
13 183 356 524 692 857 
16 184 357 525 693 856 
17 185 358 526 694 858 
18 186 359 527 695 859 
2 187 360 528 696 851 
19 188 361 529 697 852 
20 189 362 530 698 860 
21 179 363 531 672 861 
22 190 364 532 699 862 
23 191 365 533 700 839 
24 191 366 534 701 863 
19 192 367 535 702 864 
25 193 368 536 703 865 
26 194 369 537 704 866 
10 195 370 538 692 867 
27 196 371 539 683 843 
28 197 372 538 705 868 
29 198 373 540 706 869 
30 199 374 541 707 870 
31 200 375 542 708 871 
32 201 376 543 709 872 
33 197 377 544 710 873 
33 202 357 545 711 874 
34 203 378 546 712 875 
35 204 379 547 713 876 
36 205 372 548 714 877 
29 206 380 476 715 878 
37 207 343 549 716 879 
38 208 381 550 717 880 
39 209 382 551 699 881 
33 210 383 552 718 882 
40 211 384 553 719 883 
41 212 385 554 669 884 
42 193 386 555 720 885 
43 213 387 556 721 886 
28 214 388 557 722 887 
44 215 385 517 710 888 
45 216 370 532 723 889 
46 217 389 554 724 890 
47 218 390 558 677 891 
48 219 391 559 725 892 
43 220 383 558 726 893 
49 221 334 560 727 894 
50 222 392 561 728 895 
51 223 331 562 729 896 
47 224 393 563 730 897 
52 217 394 552 731 898 
53 225 395 562 732 899 
54 226 396 564 733 865 
55 169 397 565 734 900 
56 227 364 566 694 901 
57 169 398 567 735 902 
58 193 399 568 726 903 
59 228 336 569 726 904 
60 229 400 570 736 905 
61 230 401 571 737 906 
62 231 378 540 738 885 
63 232 402 572 727 907 
39 180 403 573 739 908 
64 233 404 574 740 909 
65 234 405 575 738 910 
42 235 356 576 741 897 
66 236 406 557 742 878 
67 237 407 577 743 911 
21 238 408 578 743 912 
68 233 409 564 744 913 
69 239 410 531 745 914 
70 240 411 516 746 875 
71 241 412 579 747 914 
72 242 394 555 748 915 
73 243 343 580 744 916 
74 219 413 547 703 855 
62 244 414 581 713 917 
22 245 415 582 749 918 
20 246 416 583 710 919 
75 247 417 584 750 920 
76 248 412 582 734 921 
12 211 354 585 751 903 
77 249 418 577 714 922 
32 170 399 586 736 923 
18 250 419 587 752 924 
78 251 420 588 720 884 
79 249 377 589 696 925 
80 252 337 539 753 926 
81 253 415 590 754 893 
82 191 421 576 755 872 
21 254 422 558 756 927 
83 199 341 591 757 862 
56 255 423 506 758 870 
77 239 424 516 759 928 
84 227 425 524 760 929 
85 256 409 592 761 930 
86 257 426 506 703 931 
87 258 367 593 680 899 
88 246 426 594 706 845 
89 259 427 572 716 877 
89 260 383 543 697 932 
90 224 428 510 762 933 
91 258 429 521 748 842 
92 261 430 595 758 934 
40 262 356 565 763 935 
87 235 431 590 764 936 
93 263 379 589 673 937 
47 264 379 596 732 938 
94 265 432 587 756 939 
95 185 433 512 765 940 
92 214 351 546 724 920 
51 185 382 527 690 930 
96 216 386 597 711 844 
80 204 386 598 766 859 
22 170 434 599 767 941 
97 266 435 511 768 942 
97 221 436 600 769 943 
98 267 405 588 731 944 
99 268 396 601 770 866 
16 269 437 568 771 945 
72 172 438 602 772 837 
100 220 350 603 740 859 
101 270 439 604 773 946 
102 271 393 605 754 901 
69 272 348 606 708 947 
103 259 347 604 774 942 
104 198 348 607 775 943 
1 273 440 589 776 948 
105 248 441 570 777 949 
106 214 442 594 778 917 
107 189 422 608 725 940 
108 198 443 604 724 855 
109 261 413 528 779 950 
110 239 444 522 780 860 
111 200 445 609 766 922 
112 274 446 610 758 924 
113 275 429 483 769 951 
58 276 447 573 781 952 
114 250 340 566 782 953 
115 277 448 566 691 895 
82 268 359 608 783 887 
41 278 449 550 694 950 
53 181 450 559 784 954 
116 192 375 571 778 955 
117 279 451 569 785 925 
50 221 452 598 786 916 
32 280 341 505 747 894 
118 281 453 606 619 880 
59 282 419 611 787 956 
38 283 415 469 788 938 
111 284 454 612 651 872 
119 285 455 600 697 957 
120 286 456 524 789 891 
100 287 403 546 790 879 
78 288 457 613 768 864 
25 289 458 519 778 958 
84 266 382 614 756 959 
3 273 459 542 791 853 
95 284 431 615 706 960 
70 256 460 579 685 961 
121 270 419 609 792 845 
6 290 461 616 736 902 
122 236 462 537 735 874 
63 291 463 556 764 881 
123 264 435 571 689 912 
124 292 334 588 793 870 
125 171 408 617 794 905 
94 226 464 618 795 895 
96 206 465 619 771 858 
62 197 466 620 781 962 
92 293 441 621 796 903 
126 207 467 526 746 962 
24 294 434 622 763 963 
42 295 468 623 705 949 
25 254 346 624 742 908 
94 296 460 543 698 964 
103 247 469 569 693 965 
71 230 380 520 797 916 
127 276 345 590 798 934 
128 204 470 535 691 966 
129 237 368 625 681 947 
74 297 463 575 677 919 
8 183 449 626 695 946 
130 298 471 536 799 909 
23 290 472 595 676 881 
19 299 421 585 786 967 
34 300 355 500 763 894 
95 301 472 531 787 957 
79 297 400 627 784 966 
52 195 450 628 800 968 
57 267 473 629 788 963 
131 302 352 541 730 888 
98 184 474 591 801 909 
132 299 410 548 679 958 
58 303 340 607 729 969 
118 304 475 549 738 936 
102 219 476 525 679 951 
91 305 373 630 802 921 
133 203 477 618 803 970 
134 211 467 631 776 899 
135 232 342 623 802 952 
23 257 478 587 790 965 
102 208 367 632 753 971 
136 234 446 551 804 938 
137 306 479 585 805 972 
138 252 433 633 709 898 
139 307 480 540 806 973 
9 308 405 634 728 974 
114 309 431 592 807 975 
46 295 448 579 808 976 
110 261 473 504 719 885 
36 310 395 635 735 901 
140 251 362 529 744 862 
140 311 481 536 688 962 
141 270 349 508 809 873 
142 312 482 636 680 930 
99 234 440 568 674 890 
120 242 411 636 755 910 
44 305 453 637 678 927 
143 313 417 553 731 966 
125 291 483 638 810 977 
144 278 437 639 689 939 
145 281 470 640 761 877 
139 182 422 634 796 906 
8 314 484 641 687 974 
68 304 369 642 693 851 
144 315 390 615 749 978 
82 316 463 643 762 929 
99 260 452 644 746 911 
45 317 485 645 750 979 
27 210 365 519 811 933 
36 296 471 646 812 933 
146 300 444 593 813 946 
104 318 438 478 810 945 
147 222 366 619 712 876 
148 319 391 620 733 853 
149 273 388 647 814 932 
121 320 391 616 745 929 
38 321 486 646 815 907 
65 190 468 545 791 863 
134 294 480 648 816 887 
150 244 369 586 723 841 
151 196 395 621 795 980 
152 225 412 578 687 981 
153 250 400 625 817 857 
142 212 360 644 818 900 
60 296 435 649 729 967 
57 322 407 650 760 964 
126 323 458 567 815 891 
71 186 485 515 719 856 
44 242 487 625 793 982 
137 243 423 651 684 937 
80 312 425 610 819 906 
106 286 371 593 820 965 
136 281 346 612 821 982 
65 271 433 584 752 848 
145 230 377 574 764 923 
138 324 420 596 779 961 
154 263 488 652 822 978 
73 325 489 595 759 983 
149 326 447 559 700 915 
138 275 437 603 759 869 
54 179 490 528 762 978 
133 173 470 591 743 840 
155 327 345 482 814 967 
134 322 436 554 823 956 
86 328 487 653 701 956 
130 292 482 522 770 984 
61 326 363 654 754 922 
30 241 427 634 824 842 
117 274 366 523 770 843 
59 182 491 511 714 852 
156 262 492 525 824 985 
16 327 442 572 800 884 
157 285 434 513 825 878 
49 256 447 655 825 882 
7 206 351 530 826 904 
4 289 430 653 807 867 
157 240 491 544 695 846 
158 231 354 656 808 986 
121 216 493 657 709 921 
129 266 357 647 827 879 
103 312 466 658 741 889 
29 207 494 611 820 974 
45 188 446 517 820 987 
15 321 388 657 805 970 
124 200 371 643 828 952 
130 241 358 557 702 893 
90 311 464 627 671 936 
101 187 495 535 721 988 
111 328 380 617 827 919 
78 176 451 631 777 989 
49 316 453 605 794 890 
26 285 353 627 747 990 
159 218 384 573 717 925 
154 317 378 605 686 857 
48 329 427 637 801 883 
50 258 352 642 829 961 
30 315 479 606 830 991 
108 277 461 645 801 972 
160 330 445 658 831 953 
64 172 387 659 752 992 
41 222 458 660 798 981 
161 253 496 553 832 964 
119 257 418 632 822 954 
88 331 483 597 832 927 
14 240 445 661 804 949 
159 332 455 518 817 984 
98 265 360 651 745 971 
39 310 493 662 667 928 
115 252 462 541 833 868 
35 228 424 533 737 888 
162 302 389 639 799 886 
61 275 439 602 811 993 
100 279 492 600 751 944 
81 203 368 663 684 973 
148 289 485 662 775 910 
159 280 497 649 718 849 
107 202 454 630 789 969 
76 302 491 652 727 989 
160 255 404 548 750 876 
67 284 332 648 716 986 
43 212 476 656 707 942 
142 290 384 545 773 865 
55 272 442 664 715 992 
122 314 394 632 757 994 
163 320 418 561 826 992 
75 195 460 509 828 941 
156 282 338 489 788 917 
97 309 481 616 833 935 
125 262 404 665 683 990 
52 333 498 526 769 995 
48 286 499 599 812 898 
74 178 500 654 666 995 
4 334 484 512 792 991 
164 277 381 513 737 994 
143 246 374 663 786 993 
123 217 359 665 781 918 
165 223 501 666 774 960 
145 322 502 667 728 984 
127 335 498 661 668 937 
162 175 398 547 685 980 
60 190 335 594 819 880 
79 330 376 521 815 913 
151 213 498 510 830 844 
140 305 403 601 772 850 
166 194 459 560 796 996 
150 283 487 644 834 993 
5 282 452 624 690 977 
165 320 475 539 835 955 
149 229 454 613 836 904 
10 323 474 667 819 976 
143 287 486 612 723 926 
15 274 499 574 739 997 
93 245 503 549 818 985 
9 171 497 628 765 972 
141 327 423 534 795 943 
153 279 444 564 705 977 
101 316 372 668 757 963 
86 177 466 560 837 902 
55 307 392 643 751 873 
84 299 488 669 838 913 
119 215 358 670 807 973 
131 210 504 664 774 994 
17 319 408 623 783 983 
64 175 496 671 780 991 
108 313 338 556 785 871 
14 303 475 669 797 861 
128 201 492 660 791 931 
46 177 361 672 803 975 
136 336 414 671 773 998 
152 321 436 576 713 874 
66 265 401 652 765 850 
120 313 363 673 771 987 
115 249 344 629 839 981 
135 186 456 668 784 955 
155 318 505 575 782 959 
35 298 402 514 760 957 
83 324 421 670 802 979 
5 332 413 635 835 846 
167 291 414 567 840 854 
3 309 417 581 838 908 
123 304 430 622 789 999 
1 213 506 642 755 860 
164 315 457 598 812 863 
158 331 381 509 740 897 
168 209 401 656 692 847 
87 205 438 523 806 941 
85 232 467 477 797 990 
20 333 375 657 839 896 
18 269 486 563 733 882 
118 227 416 602 785 932 
116 325 398 584 813 971 
158 308 456 530 831 866 
89 235 507 662 841 989 
135 310 459 639 715 911 
152 288 349 637 699 999 
11 311 342 552 810 986 
133 306 443 599 822 914 
113 295 500 614 787 969 
162 301 477 538 793 896 
144 233 335 533 782 983 
93 328 392 646 780 920 
28 218 501 611 829 947 
91 228 497 618 818 934 
107 337 478 581 696 982 
113 196 407 580 798 889 
147 293 432 544 823 926 
2 338 507 626 794 959 
81 314 428 520 821 892 
54 288 402 665 682 869 
104 264 490 580 826 868 
168 329 489 555 805 953 
37 300 432 674 730 867 
112 301 376 640 768 945 
146 319 389 534 824 923 
163 267 373 527 821 948 
27 176 364 674 842 954 
122 201 441 654 681 998 
96 283 472 542 806 988 
11 178 479 636 823 988 
164 237 505 620 721 968 
53 325 425 601 767 975 
139 180 344 638 761 987 
129 339 499 641 808 858 
66 303 457 565 748 871 
124 244 350 635 836 997 
109 199 503 658 739 940 
163 247 390 638 803 915 
117 224 448 586 742 960 
77 268 465 675 686 980 
6 192 503 626 832 976 
26 238 488 664 766 995 
157 323 396 633 830 912 
156 188 502 615 811 875 
40 189 508 640 835 968 
56 231 507 596 700 996 
105 255 481 650 717 970 
132 236 347 592 834 950 
127 223 480 529 827 928 
141 220 411 629 704 905 
69 181 495 650 711 918 
131 243 399 659 831 864 
109 317 429 647 767 998 
12 297 484 675 741 939 
70 337 397 645 792 997 
168 280 409 673 809 848 
31 259 355 570 799 1000 
154 251 387 649 701 892 
112 194 439 648 734 1000 
147 333 443 613 772 985 
155 238 465 631 833 931 
116 269 455 630 707 996 
13 293 469 655 783 958 
106 340 496 578 779 948 
68 225 461 663 828 924 
75 173 365 537 804 886 
161 229 361 633 775 900 
34 278 495 617 776 847 
151 336 406 672 817 907 
88 260 428 622 708 979 
166 329 362 563 834 861 
17 272 464 610 836 883 
63 339 462 609 749 944 
165 183 440 670 688 951 
114 263 474 621 816 999 
67 226 416 661 702 935 
146 202 509 514 816 854 
137 271 353 597 829 1000 
90 326 473 532 838 0 
51 174 451 653 840 0 
161 292 494 660 725 0 
73 298 449 583 704 0 
85 208 504 608 837 0 
153 306 397 550 841 0 
76 187 426 551 718 0 
128 308 510 607 813 0 
83 254 450 659 712 0 
167 248 393 628 790 0 
31 318 502 655 720 0 
160 215 490 676 814 0 
72 184 501 582 675 0 
7 294 471 677 753 0 
37 330 420 515 678 0 
148 245 406 603 698 0 
150 324 508 641 722 0 
166 253 424 614 800 0 
132 287 468 561 682 0 
126 205 374 666 809 0 
24 209 494 577 777 0 
105 307 370 624 732 0 
110 339 385 562 825 0 
167 276 410 583 722 0 
